1000 8f  1 0 0 0 0 0 0 0    
2000 8f  2 0 0 0 0 0 0 0    
3000 8f  3 0 0 0 0 0 0 0    
4000 f  0 0 1 0 0 0 0 0     
5000 f  10 0 1 0 0 0 0 0    
6010 e  11 0 3 0 0 0 0 0    
6000 f  10 1 1 0 0 0 0 0
6500 f  80
7010 e  11 0 3 0 0 0 0 0    
7000 f  10 1 1 0 0 0 0 0    
8030 e  11 0 3 0 0 0 0 0    
8000 f  10 1 1 0 0 0 0 0    
9030 e  11 0 3 0 0 0 0 0    
9000 f  10 1 1 0 0 0 0 0    
10030 e  11 0 3 0 0 0 0 0   
10000 f  10 1 1 0 0 0 0 0   
11030 e  11 0 3 0 0 0 0 0   
11000 f  10 1 1 0 0 0 0 0   
12010 e  11 0 3 0 0 0 0 0   
12000 f  10 1 1 0 0 0 0 0   
13030 e  11 0 3 0 0 0 0 0   
13000 f  10 1 1 0 0 0 0 0   
14030 e  11 0 3 0 0 0 0 0   
14000 f  10 1 1 0 0 0 0 0   
15010 e  11 0 3 0 0 0 0 0   
15000 f  10 1 1 0 0 0 0 0   
16030 e  11 0 3 0 0 0 0 0   
16000 f  10 1 1 0 0 0 0 0   
17030 e  11 0 3 0 0 0 0 0   
17000 f  10 1 1 0 0 0 0 0   
18010 e  11 0 3 0 0 0 0 0   
18000 f  10 1 1 0 0 0 0 0   
