1000 501   70  FF  00  57  00  02  00  00
1000 501   70  FF  00  50  DF  1E  2B  0B
1000 501   70  FF  00  51  C8  24  17  30
1000 501   70  FF  00  52  00  40  EB  43
1000 501   70  FF  00  53  00  08  09  FF
1000 501   70  FF  00  55  66  66  06  40
2000 501   70  FF  00  57  00  02  00  00
2000 501   70  FF  00  50  E2  1E  2B  0B
2000 501   70  FF  00  51  C7  24  17  30
2000 501   70  FF  00  52  CD  CC  EB  43
2000 501   70  FF  00  53  01  08  09  FF
2000 501   70  FF  00  55  66  66  06  40
3000 501   70  FF  00  57  00  02  00  00
3000 501   70  FF  00  50  E2  1E  2B  0B
3000 501   70  FF  00  51  C7  24  17  30
3000 501   70  FF  00  52  CD  CC  EB  43
3000 501   70  FF  00  53  01  08  09  FF
3000 501   70  FF  00  55  66  66  06  40
4000 501   70  FF  00  57  00  02  00  00
4000 501   70  FF  00  50  E4  1E  2B  0B
4000 501   70  FF  00  51  C7  24  17  30
4000 501   70  FF  00  52  33  F3  EB  43
4000 501   70  FF  00  53  02  08  09  FF
4000 501   70  FF  00  55  66  66  06  40
5000 501   70  FF  00  57  00  02  00  00
5000 501   70  FF  00  50  E4  1E  2B  0B
5000 501   70  FF  00  51  C7  24  17  30
5000 501   70  FF  00  52  33  F3  EB  43
5000 501   70  FF  00  53  02  08  09  FF
5000 501   70  FF  00  55  66  66  06  40
6000 501   70  FF  00  57  00  02  00  00
6000 501   70  FF  00  50  E2  1E  2B  0B
6000 501   70  FF  00  51  C8  24  17  30
6000 501   70  FF  00  52  66  A6  EB  43
6000 501   70  FF  00  53  03  08  09  FF
6000 501   70  FF  00  55  66  66  06  40
7000 501   70  FF  00  57  00  02  00  00
7000 501   70  FF  00  50  E2  1E  2B  0B
7000 501   70  FF  00  51  C8  24  17  30
7000 501   70  FF  00  52  66  A6  EB  43
7000 501   70  FF  00  53  03  08  09  FF
7000 501   70  FF  00  55  66  66  06  40
8000 501   70  FF  00  57  00  02  00  00
8000 501   70  FF  00  50  E4  1E  2B  0B
8000 501   70  FF  00  51  C7  24  17  30
8000 501   70  FF  00  52  66  E6  EB  43
8000 501   70  FF  00  53  04  08  09  FF
8000 501   70  FF  00  55  66  66  06  40
9000 501   70  FF  00  57  00  02  00  00
9000 501   70  FF  00  50  E4  1E  2B  0B
9000 501   70  FF  00  51  C7  24  17  30
9000 501   70  FF  00  52  66  E6  EB  43
9000 501   70  FF  00  53  04  08  09  FF
9000 501   70  FF  00  55  66  66  06  40
10000 501   70  FF  00  57  00  02  00  00
10000 501   70  FF  00  50  E3  1E  2B  0B
10000 501   70  FF  00  51  C8  24  17  30
10000 501   70  FF  00  52  33  F3  EB  43
10000 501   70  FF  00  53  05  08  09  FF
10000 501   70  FF  00  55  66  66  06  40
11000 501   70  FF  00  57  00  02  00  00
11000 501   70  FF  00  50  E4  1E  2B  0B
11000 501   70  FF  00  51  C7  24  17  30
11000 501   70  FF  00  52  33  F3  EB  43
11000 501   70  FF  00  53  06  08  09  FF
11000 501   70  FF  00  55  66  66  06  40
12000 501   70  FF  00  57  00  02  00  00
12000 501   70  FF  00  50  E4  1E  2B  0B
12000 501   70  FF  00  51  C7  24  17  30
12000 501   70  FF  00  52  33  F3  EB  43
12000 501   70  FF  00  53  06  08  09  FF
12000 501   70  FF  00  55  66  66  06  40
13000 501   70  FF  00  57  00  02  00  00
13000 501   70  FF  00  50  E4  1E  2B  0B
13000 501   70  FF  00  51  C7  24  17  30
13000 501   70  FF  00  52  33  F3  EB  43
13000 501   70  FF  00  53  06  08  09  FF
13000 501   70  FF  00  55  66  66  06  40
14000 501   70  FF  00  57  00  02  00  00
14000 501   70  FF  00  50  E5  1E  2B  0B
14000 501   70  FF  00  51  C7  24  17  30
14000 501   70  FF  00  52  9A  19  EC  43
14000 501   70  FF  00  53  07  08  09  FF
14000 501   70  FF  00  55  66  66  06  40
15000 501   70  FF  00  57  00  02  00  00
15000 501   70  FF  00  50  E5  1E  2B  0B
15000 501   70  FF  00  51  C7  24  17  30
15000 501   70  FF  00  52  9A  19  EC  43
15000 501   70  FF  00  53  07  08  09  FF
15000 501   70  FF  00  55  66  66  06  40
16000 501   70  FF  00  57  00  02  00  00
16000 501   70  FF  00  50  E9  1E  2B  0B
16000 501   70  FF  00  51  C6  24  17  30
16000 501   70  FF  00  52  CD  8C  EC  43
16000 501   70  FF  00  53  08  08  09  FF
16000 501   70  FF  00  55  66  66  06  40
17000 501   70  FF  00  57  00  02  00  00
17000 501   70  FF  00  50  E9  1E  2B  0B
17000 501   70  FF  00  51  C6  24  17  30
17000 501   70  FF  00  52  CD  8C  EC  43
17000 501   70  FF  00  53  08  08  09  FF
17000 501   70  FF  00  55  66  66  06  40
18000 501   70  FF  00  57  00  02  00  00
18000 501   70  FF  00  50  E6  1E  2B  0B
18000 501   70  FF  00  51  C7  24  17  30
18000 501   70  FF  00  52  00  40  EC  43
18000 501   70  FF  00  53  09  08  09  FF
18000 501   70  FF  00  55  66  66  06  40
19000 501   70  FF  00  57  00  02  00  00
19000 501   70  FF  00  50  E6  1E  2B  0B
19000 501   70  FF  00  51  C7  24  17  30
19000 501   70  FF  00  52  00  40  EC  43
19000 501   70  FF  00  53  0C  08  09  FF
19000 501   70  FF  00  55  66  66  06  40
