01000 1ce6ff00  fe  00  34  12  21  43  00  00
02000 1ce6ff00  fe  00  34  12  21  43  00  00
03000 1ce6ff00  fe  00  34  12  21  43  00  00
04000 1ce6ff00  fe  00  34  12  21  43  00  00
05000 1ce6ff00  fe  00  34  12  21  43  00  00
06000 1ce6ff00  fe  00  34  12  21  43  00  00
07000 1ce6ff00  fe  00  34  12  21  43  00  00
08000 1ce6ff00  fe  00  34  12  21  43  00  00
09000 1ce6ff00  fe  00  34  12  21  43  00  00
10000 1ce6ff00  fe  00  34  12  21  43  00  00
11000 1ce6ff00  fe  00  34  12  21  43  00  00
