0000 A   10 0 1 0 0 0 0 0
0000 A   90 46 53 31 54 45 52 33
0000 D  11 0 1 0 0 0 0 0
0000 D  91 46 45 4E 56 41 52 43
1000 A   10 0 1 0 0 0 0 0
1000 D  11 0 1 0 0 0 0 0
2000 A   10 0 1 0 0 0 0 0
2000 D  11 0 1 0 0 0 0 0
3000 A   10 0 1 0 0 0 0 0
3000 A   90 46 53 31 54 45 52 33
3000 D  11 0 1 0 0 0 0 0
3000 D  91 46 45 4E 56 41 52 43
4000 A   10 0 3 0 0 0 0 0
4000 D  11 0 3 0 0 0 0 0
5000 A   10 0 3 0 0 0 0 0
5000 D  11 0 3 0 0 0 0 0
6000 A   10 0 3 0 0 0 0 0
6000 D  11 0 3 0 0 0 0 0
7000 A   10 0 3 0 0 0 0 0
7000 D  11 0 3 0 0 0 0 0
8000 A   10 0 3 0 0 0 0 0
8000 D  11 0 3 0 0 0 0 0     
9000 A   10 0 3 0 0 0 0 0
9000 D  11 0 3 0 0 0 0 0     
10000 A   10 0 3 0 0 0 0 0
10000 D  11 0 3 0 0 0 0 0     
11000 A   10 0 3 0 0 0 0 0
11000 D  11 0 3 0 0 0 0 0     
12000 A   10 0 3 0 0 0 0 0
12000 D  11 0 3 0 0 0 0 0     
13000 A   10 0 3 0 0 0 0 0
13000 D  11 0 3 0 0 0 0 0     
14000 A   10 0 3 0 0 0 0 0
14000 D  11 0 3 0 0 0 0 0     
15000 A   10 0 3 0 0 0 0 0
15000 D  11 0 3 0 0 0 0 0     
16000 A   10 0 3 0 0 0 0 0
16000 D  11 0 3 0 0 0 0 0     
17000 A   10 0 3 0 0 0 0 0
17000 D  11 0 3 0 0 0 0 0     
18000 A   10 0 3 0 0 0 0 0
18000 D  11 0 3 0 0 0 0 0     
19000 A   10 0 3 0 0 0 0 0
19000 D  11 0 3 0 0 0 0 0     
20000 A   10 0 3 0 0 0 0 0
20000 D  11 0 3 0 0 0 0 0     
21000 A   10 0 3 0 0 0 0 0
21000 D  11 0 3 0 0 0 0 0     
22000 A   10 0 3 0 0 0 0 0
22000 D  11 0 3 0 0 0 0 0     
23000 A   10 0 3 0 0 0 0 0
23000 D  11 0 3 0 0 0 0 0     
24000 A   10 0 3 0 0 0 0 0
24000 D  11 0 3 0 0 0 0 0     
25000 A   10 0 3 0 0 0 0 0
25000 D  11 0 3 0 0 0 0 0     
26000 A   10 0 3 0 0 0 0 0
26000 D  11 0 3 0 0 0 0 0     
27000 A   10 0 3 0 0 0 0 0
27000 D  11 0 3 0 0 0 0 0     
28000 A   10 0 3 0 0 0 0 0
28000 D  11 0 3 0 0 0 0 0     
29000 A   10 0 3 0 0 0 0 0
29000 D  11 0 3 0 0 0 0 0     
30000 A   10 0 3 0 0 0 0 0
30000 D  11 0 3 0 0 0 0 0     
31000 A   10 0 3 0 0 0 0 0
31000 D  11 0 3 0 0 0 0 0     
32000 A   10 0 3 0 0 0 0 0
32000 D  11 0 3 0 0 0 0 0     
33000 A   10 0 3 0 0 0 0 0
33000 D  11 0 3 0 0 0 0 0     
34000 A   10 0 3 0 0 0 0 0
34000 D  11 0 3 0 0 0 0 0     
35000 A   10 0 3 0 0 0 0 0
35000 D  11 0 3 0 0 0 0 0     
36000 A   10 0 3 0 0 0 0 0
36000 D  11 0 3 0 0 0 0 0     
37000 A   10 0 3 0 0 0 0 0
37000 D  11 0 3 0 0 0 0 0     
38000 A   10 0 3 0 0 0 0 0
38000 D  11 0 3 0 0 0 0 0     
39000 D  11 0 3 0 0 0 0 0     
