6000	721 00 03 01 00 EC 51 48 40
6200	721 11 13 01 FF FF 04 01 00
7900	721 13 80 00 13 FF 04 01 00
8000	721 00 01 FF FF B8 01 00 00
8200	721 11 93 01 FF FF 02 01 00
9300	721 13 00 04 93 00 02 01 00
10300	721 13 00 04 93 FF 02 01 00
10400	721 11 00 01 FF FF 02 02 00
10500	721 11 93 01 FF FF 02 02 00
12200	721 13 00 04 93 FF 02 02 00
13600	721 11 93 01 FF FF 02 02 00
14600	721 13 00 04 93 FF 02 02 00
14700	721 11 93 01 FF FF 02 03 00
15700	721 11 93 01 FF FF 02 03 00
16800	721 13 00 04 93 FF 02 03 00
