4000 220 08 ff 10 10 00 00 00 00
4500 220 18 ff 10 10
4600 220 00 ff 10 10 64 00 00 00
5000 221 18 02 0D F4
5000 221 18 03 0D F4
5000 221 18 04 0D F4
5000 221 18 05 0D F4
5000 221 18 06 0D F4
5000 221 18 07 0D F4
5000 221 18 08 0D F4
5000 221 18 09 0D F4
5000 221 18 0A 0D F4
5000 221 18 0B 0D F4
5000 221 18 0C 0D F4
5000 221 18 0D 0D F4
5000 221 18 0E 0D F4
5100 220 04 ff 10 10 18 FC FF FF
5200 220 06 ff 10 10 64 00 00 00
6100 221 04 ff 10 10 30 F8 FF FF
6200 221 06 ff 10 10 64 00 00 00
10000 220 06 ff 10 10 00 00 00 00
16000 221 06 ff 10 10 00 00 00 00
